option_1 <- 0.264713485566566
option_2 <- 0.661783713916415
option_3 <- 1.257389056441189
option_4 <- 2.150797070228350
option_5 <- 3.490909090909091
option_6 <- 5.501077121930202
option_7 <- 8.516329168461869
option_8 <- 13.039207238259371
option_9 <- 19.823524342955622
option_10 <- 30.000000000000000

# total is 32 seconds, represented over 200 pixels, starting at -50
total_seconds <- 32
total_pixels <- 200

# option 1
perc_1 <- option_1 / total_seconds 
val_1 <- perc_1 * total_pixels
val_fin_1 <- val_1 - 50

# option 2
perc_2 <- option_2 / total_seconds 
val_2 <- perc_2 * total_pixels
val_fin_2 <- val_2 - 50

# option 3
perc_3 <- option_3 / total_seconds 
val_3 <- perc_3 * total_pixels
val_fin_3 <- val_3 - 50

# option 6
perc_4 <- option_4 / total_seconds 
val_4 <- perc_4 * total_pixels
val_fin_4 <- val_4 - 50

# option 5
perc_5 <- option_5 / total_seconds 
val_5 <- perc_5 * total_pixels
val_fin_5 <- val_5 - 50

# option 6
perc_6 <- option_6 / total_seconds 
val_6 <- perc_6 * total_pixels
val_fin_6 <- val_6 - 50

# option 7
perc_7 <- option_7 / total_seconds 
val_7 <- perc_7 * total_pixels
val_fin_7 <- val_7 - 50

# option 8
perc_8 <- option_8 / total_seconds 
val_8 <- perc_8 * total_pixels
val_fin_8 <- val_8 - 50

# option 9 
perc_9 <- option_9 / total_seconds 
val_9 <- perc_9 * total_pixels
val_fin_9 <- val_9 - 50

# option 10 
perc_10 <- option_10 / total_seconds 
val_10 <- perc_10 * total_pixels
val_fin_10 <- val_10 - 50
